i
0.001827
0.001108
-0.001131
i
0.003397
0.000511
0.000402
i
0.000102
0.001854
0.001863
i
0.002236
0.001547
0.000453
i
0.007350
0.005334
0.002855
i
0.003847
0.004479
0.003984
i
0.003906
0.005912
0.003149
i
0.007943
0.002982
0.004902
i
0.007163
0.006157
0.003996
i
0.007896
0.006884
0.005580
i
0.007872
0.008342
0.010246
i
0.007875
0.007608
0.007327
i
0.006097
0.009362
0.005927
i
0.008974
0.008967
0.010460
i
0.006305
0.011224
0.009308
i
0.008943
0.010655
0.010978
i
0.010768
0.009374
0.012942
i
0.012263
0.011057
0.013622
i
0.013156
0.010977
0.013495
i
0.010939
0.011923
0.013535
i
0.014548
0.014094
0.011423
i
0.015758
0.016349
0.016223
i
0.014573
0.014808
0.013977
i
0.016334
0.016336
0.014971
i
0.017893
0.017803
0.017543
i
0.016329
0.015549
0.018203
i
0.019930
0.016280
0.015056
i
0.020581
0.018584
0.020237
i
0.020647
0.017709
0.018757
i
0.018887
0.020240
0.021555
i
0.020741
0.017867
0.022314
i
0.021337
0.020721
0.018529
i
0.022499
0.022327
0.022451
i
0.021229
0.021693
0.021445
i
0.025717
0.022239
0.023071
i
0.022813
0.025214
0.023984
i
0.024764
0.025919
0.025567
i
0.026381
0.022490
0.025627
i
0.027288
0.026467
0.027202
i
0.029495
0.028331
0.025169
i
0.026227
0.027171
0.026477
i
0.027895
0.029637
0.027292
i
0.028285
0.028363
0.029566
i
0.030716
0.029134
0.028911
i
0.031245
0.030964
0.030651
i
0.035022
0.030709
0.031122
i
0.031222
0.032155
0.030633
i
0.033344
0.034439
0.032114
i
0.032576
0.031915
0.032035
i
0.031062
0.033262
0.032158
i
0.035675
0.034208
0.034073
i
0.036531
0.032299
0.035106
i
0.033923
0.034476
0.035678
i
0.037189
0.034885
0.036738
i
0.038611
0.035527
0.035344
i
0.037318
0.038169
0.037335
i
0.036912
0.038154
0.038276
i
0.038074
0.037173
0.039247
i
0.039356
0.038849
0.038492
i
0.039333
0.038844
0.038613
i
0.042354
0.040345
0.038361
i
0.040682
0.042747
0.040616
i
0.044370
0.040961
0.040996
i
0.041289
0.044218
0.041893
i
0.043890
0.041136
0.042570
i
0.044879
0.042293
0.044067
i
0.045398
0.047038
0.045521
i
0.046596
0.044861
0.044562
i
0.046075
0.044809
0.047496
i
0.047701
0.047950
0.048348
i
0.047189
0.046564
0.048034
i
0.049536
0.049145
0.049261
i
0.050675
0.049060
0.050272
i
0.049318
0.050386
0.047462
i
0.052056
0.047633
0.050274
i
0.050205
0.049121
0.051114
i
0.051776
0.053215
0.051516
i
0.052770
0.052324
0.053957
i
0.054174
0.052681
0.052832
i
0.055706
0.053014
0.054477
i
0.052829
0.052984
0.055150
i
0.055531
0.056077
0.053822
i
0.056691
0.055563
0.055270
i
0.058252
0.057916
0.052999
i
0.057142
0.055533
0.056267
i
0.056488
0.059499
0.058988
i
0.058740
0.058938
0.058611
i
0.059579
0.059002
0.058429
i
0.060010
0.058920
0.058808
i
0.059640
0.059882
0.060011
i
0.064042
0.059036
0.059238
i
0.061661
0.061266
0.060360
i
0.062436
0.063004
0.060462
i
0.062123
0.060949
0.062778
i
0.063552
0.064243
0.061885
i
0.064397
0.063809
0.065856
i
0.065076
0.063950
0.064361
i
0.064618
0.067252
0.064652
i
0.063858
0.065732
0.067525
i
0.067551
0.066885
0.069047
i
0.066550
0.067679
0.066171
i
0.066949
0.067541
0.068863
i
0.071406
0.069732
0.067239
i
0.069060
0.068594
0.068943
i
0.071574
0.070503
0.071322
i
0.071471
0.069609
0.071908
i
0.069533
0.072400
0.072133
i
0.073467
0.070107
0.071728
i
0.072691
0.072800
0.073835
i
0.074268
0.074203
0.073571
i
0.076235
0.073567
0.074135
i
0.073898
0.074585
0.075634
i
0.073697
0.075588
0.074354
i
0.077051
0.073379
0.073393
i
0.078832
0.076467
0.074042
i
0.075085
0.077217
0.077743
i
0.078450
0.079423
0.078444
i
0.078569
0.080064
0.081412
i
0.079369
0.079013
0.080718
i
0.079324
0.078023
0.079858
i
0.080994
0.080861
0.079176
i
0.080537
0.080427
0.082607
i
0.081826
0.082866
0.082798
i
0.082410
0.080026
0.083151
i
0.084272
0.082330
0.083311
i
0.083411
0.086268
0.083959
i
0.084939
0.083270
0.083686
i
0.083525
0.086305
0.086143
i
0.084896
0.089850
0.087226
i
0.087208
0.089222
0.083392
i
0.087212
0.087300
0.087600
i
0.086616
0.088706
0.085044
i
0.088810
0.089252
0.088612
i
0.089819
0.088315
0.090066
i
0.089500
0.087788
0.089586
i
0.089840
0.089301
0.091340
i
0.091387
0.090994
0.090603
i
0.094235
0.093564
0.091748
i
0.092782
0.094683
0.095058
i
0.094803
0.092899
0.092556
i
0.095002
0.092848
0.092572
i
0.094193
0.095941
0.094879
i
0.095660
0.096833
0.095646
i
0.094482
0.097123
0.096635
i
0.096549
0.096116
0.095941
i
0.097301
0.096266
0.096650
i
0.096018
0.097308
0.097076
i
0.099437
0.100607
0.100047
i
0.100729
0.100235
0.100062
i
0.101000
0.099027
0.101111
i
0.099069
0.101492
0.099557
i
0.100039
0.100729
0.099596
i
0.102021
0.103481
0.101668
i
0.103328
0.102883
0.104282
i
0.103122
0.103724
0.106624
i
0.105528
0.102755
0.105493
i
0.103434
0.104680
0.105052
i
0.106493
0.104804
0.106050
i
0.108360
0.103459
0.104564
i
0.108260
0.106275
0.106616
i
0.108565
0.110297
0.105597
i
0.106788
0.107897
0.108001
i
0.108809
0.108250
0.110293
i
0.108121
0.109605
0.110653
i
0.110500
0.109170
0.110161
i
0.110243
0.109867
0.112471
i
0.111070
0.110563
0.110325
i
0.112162
0.110006
0.109805
i
0.112924
0.110947
0.112134
i
0.114367
0.114563
0.115393
i
0.112654
0.115142
0.114434
i
0.116337
0.114960
0.115754
i
0.116853
0.114784
0.114719
i
0.114228
0.115883
0.116474
i
0.115676
0.116763
0.116191
i
0.116758
0.118372
0.118422
i
0.119531
0.116553
0.117819
i
0.119540
0.116942
0.121236
i
0.119644
0.118607
0.120710
i
0.120503
0.120146
0.119093
i
0.118313
0.119382
0.119806
i
0.121937
0.122153
0.120286
i
0.123104
0.122890
0.121833
i
0.121398
0.123856
0.122494
i
0.121982
0.123670
0.124031
i
0.122051
0.126489
0.121135
i
0.122486
0.126299
0.125100
i
0.124761
0.125349
0.126308
i
0.124843
0.127238
0.126930
i
0.126606
0.126922
0.125828
i
0.126191
0.126815
0.128705
i
0.127680
0.127398
0.126694
i
0.127155
0.128696
0.130054
i
0.130975
0.130080
0.128921
i
0.129510
0.130488
0.131250
i
0.131966
0.127841
0.130605
i
0.130044
0.130705
0.133647
i
0.130963
0.129755
0.132236
i
0.132501
0.132113
0.133839
i
0.134088
0.133835
0.132964
i
0.134467
0.133612
0.134248
i
0.135435
0.135120
0.133770
i
0.134617
0.133946
0.136663
i
0.135965
0.135124
0.136904
i
0.135986
0.137261
0.138689
i
0.138584
0.137120
0.137182
i
0.140583
0.137772
0.138402
i
0.139101
0.139900
0.138954
i
0.139822
0.139763
0.142919
i
0.141168
0.138831
0.138377
i
0.138514
0.143120
0.139575
i
0.142656
0.142045
0.139298
i
0.144697
0.142736
0.144427
i
0.143124
0.142906
0.141308
i
0.143383
0.143516
0.141305
i
0.143975
0.144218
0.143038
i
0.145214
0.143050
0.143902
i
0.145474
0.144527
0.145896
i
0.145516
0.144835
0.147242
i
0.147467
0.147428
0.147580
i
0.148679
0.148654
0.147378
i
0.147400
0.147852
0.149650
i
0.147070
0.147914
0.150058
i
0.150461
0.148673
0.149058
i
0.149792
0.149633
0.146742
i
0.150097
0.151079
0.153935
i
0.149383
0.150486
0.150819
i
0.150744
0.151102
0.149434
i
0.152517
0.151975
0.153380
i
0.153410
0.154754
0.155494
i
0.154162
0.152349
0.154326
i
0.156531
0.154539
0.155183
i
0.154045
0.157346
0.155872
i
0.155437
0.153768
0.155083
i
0.155297
0.156010
0.157129
i
0.158439
0.157541
0.157445
i
0.158499
0.161538
0.158444
i
0.158854
0.160770
0.158786
i
0.158436
0.160576
0.158856
i
0.160269
0.161168
0.161077
i
0.158529
0.157517
0.159731
i
0.163536
0.161647
0.161131
i
0.161792
0.163384
0.162441
i
0.163301
0.159879
0.162435
i
0.163359
0.162187
0.163303
i
0.163197
0.165160
0.163239
i
0.166406
0.164610
0.165861
i
0.168380
0.165422
0.167326
i
0.164570
0.168431
0.164389
i
0.166579
0.166231
0.165134
i
0.165589
0.168195
0.165481
i
0.166212
0.169505
0.168002
i
0.169173
0.167465
0.168404
i
0.169743
0.169557
0.171717
i
0.169168
0.169800
0.171110
i
0.171931
0.168035
0.170144
i
0.170431
0.171312
0.172020
i
0.172593
0.173521
0.172597
i
0.173087
0.173927
0.173238
i
0.171567
0.173480
0.171127
i
0.175481
0.171190
0.173267
i
0.174792
0.174616
0.177177
i
0.175407
0.174515
0.176116
i
0.174391
0.176727
0.176335
i
0.176143
0.175837
0.175079
i
0.174829
0.176768
0.178370
i
0.177048
0.180113
0.176816
i
0.181521
0.177744
0.178799
i
0.181247
0.180978
0.178323
i
0.180985
0.178514
0.177726
i
0.181548
0.178360
0.177816
i
0.181253
0.183181
0.182957
i
0.180007
0.182050
0.183070
i
0.183965
0.184748
0.184782
i
0.184475
0.181434
0.183386
i
0.182160
0.185644
0.186323
i
0.181998
0.185781
0.184210
i
0.184696
0.184148
0.187018
i
0.186511
0.185842
0.186556
i
0.188018
0.185507
0.185607
i
0.188251
0.189448
0.189000
i
0.187846
0.186224
0.184876
i
0.187431
0.190173
0.187934
i
0.189712
0.189617
0.186396
i
0.191668
0.192700
0.189948
i
0.191998
0.189657
0.191462
i
0.194164
0.193082
0.190400
i
0.190641
0.192071
0.191684
i
0.192583
0.194361
0.192962
i
0.195552
0.193276
0.193156
i
0.195058
0.194568
0.193720
i
0.192549
0.193178
0.195489
i
0.196058
0.193376
0.195493
i
0.196706
0.194433
0.194669
i
0.198259
0.194328
0.197262
i
0.198637
0.194945
0.197160
i
0.196433
0.198120
0.197437
i
0.196465
0.199491
0.199462
i
0.198509
0.200037
0.197541
i
0.198354
0.198462
0.199854
i
0.199968
0.203215
0.200572
i
0.202082
0.202099
0.201829
i
0.202256
0.203659
0.200448
i
0.204847
0.203582
0.201134
i
0.204814
0.204910
0.205610
i
0.203440
0.206186
0.204351
i
0.202715
0.203632
0.205906
i
0.207724
0.203756
0.205185
i
0.205124
0.208506
0.204805
i
0.208442
0.205834
0.207702
i
0.205568
0.209334
0.204396
i
0.208430
0.208561
0.206906
i
0.207378
0.209479
0.207285
i
0.209296
0.205574
0.206559
i
0.209940
0.211491
0.207801
i
0.211572
0.211326
0.209882
i
0.211301
0.214255
0.209466
i
0.212640
0.212277
0.212429
i
0.212659
0.213042
0.212332
i
0.211075
0.212555
0.213646
i
0.214345
0.214805
0.216961
i
0.212461
0.215574
0.214848
i
0.215283
0.214409
0.215163
i
0.216907
0.216568
0.213859
i
0.217875
0.216999
0.219192
i
0.215850
0.216371
0.214997
i
0.218005
0.219327
0.217361
i
0.217975
0.218274
0.218453
i
0.220698
0.219355
0.218690
i
0.220846
0.218181
0.220798
i
0.220391
0.223519
0.219802
i
0.221898
0.221490
0.219892
i
0.223167
0.219032
0.219405
i
0.220921
0.224407
0.223979
i
0.221665
0.223094
0.222342
i
0.224311
0.226802
0.222831
i
0.227265
0.224046
0.223797
i
0.226146
0.226279
0.225706
i
0.224043
0.225078
0.224843
i
0.225983
0.225624
0.227234
i
0.228682
0.226999
0.228072
i
0.229012
0.228178
0.227637
i
0.227943
0.227116
0.228302
i
0.229546
0.229084
0.229624
i
0.230062
0.230894
0.229159
i
0.230509
0.230989
0.230165
i
0.231707
0.228967
0.231945
i
0.232616
0.231998
0.231529
i
0.232089
0.230394
0.234128
i
0.234181
0.231884
0.231364
i
0.233486
0.234908
0.235110
i
0.235379
0.235691
0.237007
i
0.233061
0.235959
0.235261
i
0.235002
0.236956
0.235993
i
0.238267
0.235288
0.235537
i
0.237911
0.236150
0.237495
i
0.237464
0.239462
0.238582
i
0.238124
0.237815
0.238127
i
0.242525
0.239267
0.239063
i
0.239737
0.242022
0.237690
i
0.242150
0.239708
0.240302
i
0.242237
0.240085
0.241901
i
0.241901
0.240135
0.242256
i
0.243441
0.243517
0.241912
i
0.243312
0.244163
0.244045
i
0.243481
0.242304
0.244363
i
0.245090
0.246664
0.242595
i
0.244861
0.245912
0.245198
i
0.248705
0.245510
0.242848
i
0.247640
0.244801
0.248420
i
0.247872
0.246874
0.246027
i
0.250476
0.248413
0.247348
i
0.247740
0.248426
0.250342
i
0.251881
0.249370
0.249903
i
0.250431
0.247801
0.250187
i
0.250003
0.250096
0.250466
i
0.247479
0.250354
0.252342
i
0.252161
0.251312
0.251546
i
0.251227
0.251737
0.251889
i
0.253085
0.254117
0.253305
i
0.253894
0.252886
0.255305
i
0.254981
0.255421
0.254959
i
0.256410
0.257350
0.254758
i
0.256723
0.256906
0.255988
i
0.259216
0.255362
0.256018
i
0.257437
0.257368
0.257036
i
0.257360
0.259099
0.257919
i
0.257591
0.260950
0.259883
i
0.261318
0.259298
0.261888
i
0.261226
0.257589
0.258313
i
0.261445
0.260512
0.260475
i
0.262766
0.263603
0.261855
i
0.262170
0.265001
0.261986
i
0.262066
0.261873
0.261686
i
0.263442
0.262186
0.260855
i
0.262287
0.264582
0.265455
i
0.266270
0.267750
0.263221
i
0.267153
0.265442
0.264710
i
0.265431
0.267186
0.266866
i
0.264258
0.268033
0.267767
i
0.267018
0.266025
0.266307
i
0.266352
0.267933
0.267482
i
0.268251
0.268962
0.268270
i
0.267070
0.268535
0.268636
i
0.267712
0.271181
0.267111
i
0.271230
0.270274
0.270181
i
0.272197
0.270929
0.271031
i
0.270838
0.273501
0.273322
i
0.273582
0.273375
0.273635
i
0.274259
0.273859
0.274175
i
0.273055
0.274039
0.274734
i
0.273699
0.274668
0.274417
i
0.276989
0.275963
0.276793
i
0.276830
0.277346
0.275874
i
0.276820
0.275829
0.277183
i
0.281432
0.277463
0.277273
i
0.279144
0.275915
0.279504
i
0.277537
0.279423
0.279035
i
0.279244
0.278377
0.279890
i
0.281499
0.280910
0.281861
i
0.278815
0.280692
0.278866
i
0.281486
0.282056
0.280310
i
0.283710
0.281367
0.282831
i
0.282203
0.281656
0.281684
i
0.281399
0.285361
0.280070
i
0.282280
0.281354
0.282209
i
0.280944
0.285470
0.284721
i
0.283959
0.283599
0.283576
i
0.285629
0.283304
0.286542
i
0.286547
0.286210
0.287536
i
0.287794
0.286874
0.287374
i
0.287822
0.287165
0.289482
i
0.290270
0.288763
0.287298
i
0.287769
0.289668
0.288981
i
0.288916
0.290176
0.288420
i
0.291121
0.288544
0.287395
i
0.291056
0.290024
0.293375
i
0.293830
0.291184
0.290711
i
0.292378
0.292245
0.294514
i
0.292869
0.294941
0.294983
i
0.297360
0.293494
0.293366
i
0.296901
0.293682
0.292246
i
0.295449
0.296000
0.294849
i
0.295532
0.294183
0.298297
i
0.296935
0.295936
0.297202
i
0.298446
0.295936
0.297634
i
0.297357
0.300201
0.298212
i
0.297167
0.298519
0.299265
i
0.302134
0.299386
0.300095
i
0.301601
0.300678
0.298840
i
0.300452
0.299790
0.301609
i
0.303387
0.301304
0.302740
i
0.301071
0.302212
0.301765
i
0.304840
0.303059
0.303690
i
0.302878
0.302489
0.303860
i
0.302909
0.302184
0.303597
i
0.306799
0.304144
0.304961
i
0.304542
0.302599
0.305334
i
0.308258
0.305558
0.304466
i
0.305346
0.307152
0.306106
i
0.308645
0.306966
0.304553
i
0.307414
0.308949
0.309369
i
0.310380
0.310001
0.310098
i
0.311859
0.311379
0.309567
i
0.309365
0.309627
0.310937
i
0.312278
0.310337
0.312684
i
0.310367
0.310713
0.310817
i
0.311117
0.313160
0.311751
i
0.315135
0.312658
0.315155
i
0.310093
0.313816
0.313711
i
0.316580
0.314349
0.316372
i
0.317190
0.313840
0.313079
i
0.316478
0.314247
0.315124
i
0.315238
0.316134
0.316795
i
0.317616
0.316848
0.315404
i
0.316204
0.317723
0.314421
i
0.316434
0.315912
0.317563
i
0.319314
0.321820
0.318661
i
0.317910
0.318729
0.319944
i
0.321362
0.319388
0.319994
i
0.322248
0.320965
0.320774
i
0.320892
0.320820
0.322744
i
0.321291
0.321937
0.320622
i
0.323472
0.322999
0.323255
i
0.323297
0.322344
0.323220
i
0.322288
0.323549
0.327076
i
0.326896
0.325824
0.325251
i
0.326435
0.325853
0.326576
i
0.327608
0.324638
0.325745
i
0.326630
0.325927
0.325341
i
0.329029
0.328224
0.326119
i
0.326596
0.328570
0.327082
i
0.327069
0.328337
0.327540
i
0.330466
0.332409
0.327065
i
0.331117
0.330563
0.328877
i
0.331949
0.329482
0.328157
i
0.329836
0.332104
0.331880
i
0.333337
0.332654
0.333680
i
0.329994
0.332261
0.332182
i
0.333256
0.334756
0.332431
i
0.334337
0.331452
0.332780
i
0.335920
0.332342
0.336553
i
0.334688
0.336037
0.333765
i
0.337006
0.335998
0.337672
i
0.335938
0.335686
0.335659
i
0.339966
0.336894
0.335188
i
0.339265
0.338033
0.337526
i
0.339356
0.339850
0.337817
i
0.339481
0.338919
0.338563
i
0.340634
0.340962
0.338173
i
0.342147
0.340865
0.340352
i
0.339215
0.340990
0.341241
i
0.342138
0.341418
0.343235
i
0.344757
0.344325
0.342359
i
0.343781
0.343876
0.342504
i
0.343985
0.343214
0.344092
i
0.346813
0.344417
0.343692
i
0.347170
0.346497
0.344633
i
0.345017
0.347881
0.346042
i
0.346914
0.347132
0.345828
i
0.348785
0.350471
0.344016
i
0.348264
0.349260
0.346939
i
0.348786
0.348894
0.347867
i
0.350275
0.350953
0.349631
i
0.350493
0.349271
0.351491
i
0.350546
0.351254
0.352233
i
0.350937
0.351074
0.351454
i
0.351702
0.350308
0.352643
i
0.350745
0.352261
0.350789
i
0.355069
0.353447
0.353972
i
0.353650
0.356116
0.353461
i
0.356202
0.356204
0.353966
i
0.355906
0.355502
0.358153
i
0.354674
0.353887
0.356414
i
0.355374
0.355881
0.357109
i
0.355603
0.358762
0.357895
i
0.359897
0.357584
0.359217
i
0.357175
0.358988
0.360165
i
0.358469
0.359450
0.361513
i
0.358954
0.358519
0.361245
i
0.360635
0.359199
0.359475
i
0.361795
0.361660
0.360865
i
0.362305
0.362753
0.361025
i
0.362240
0.361699
0.364453
i
0.361628
0.365485
0.362574
i
0.363997
0.365277
0.364984
i
0.364211
0.365851
0.363094
i
0.367175
0.366881
0.365358
i
0.366539
0.367306
0.365563
i
0.367394
0.367583
0.367163
i
0.365439
0.366886
0.364698
i
0.367489
0.366947
0.367872
i
0.369170
0.369773
0.368476
i
0.369387
0.370684
0.371062
i
0.370290
0.371148
0.369027
i
0.372781
0.369783
0.369643
i
0.372051
0.371246
0.369218
i
0.373437
0.372927
0.374197
i
0.373060
0.373607
0.371131
i
0.375813
0.376495
0.372825
i
0.373074
0.375333
0.372486
i
0.374871
0.374487
0.375769
i
0.372708
0.375498
0.375683
i
0.373639
0.375788
0.376839
i
0.374966
0.376267
0.376929
i
0.376637
0.379431
0.378359
i
0.377228
0.378442
0.379505
i
0.378998
0.379409
0.379524
i
0.380319
0.377570
0.378431
i
0.379529
0.377870
0.378131
i
0.381144
0.381145
0.381899
i
0.381821
0.380311
0.381312
i
0.381045
0.383156
0.379985
i
0.383813
0.383331
0.383697
i
0.382562
0.383596
0.383279
i
0.381986
0.384646
0.384590
i
0.383676
0.386320
0.382313
i
0.384785
0.384812
0.384382
i
0.385115
0.386644
0.384835
i
0.386759
0.386100
0.386496
i
0.389910
0.386611
0.388514
i
0.388050
0.388042
0.385463
i
0.390028
0.388873
0.388088
i
0.389383
0.389188
0.391776
i
0.388524
0.389251
0.390350
i
0.393139
0.391010
0.392148
i
0.392337
0.392292
0.393050
i
0.395055
0.392197
0.391613
i
0.392916
0.392262
0.389585
i
0.393179
0.393557
0.392845
i
0.393711
0.395648
0.394110
i
0.394627
0.393785
0.393924
i
0.395199
0.395504
0.395851
i
0.398180
0.397809
0.394404
i
0.399009
0.395353
0.400095
i
0.397599
0.396748
0.394638
i
0.397469
0.400056
0.397450
i
0.398066
0.396916
0.397101
i
0.398562
0.399813
0.396584
i
0.400890
0.399359
0.401072
i
0.400661
0.400076
0.401337
i
0.402007
0.404033
0.399598
i
0.401064
0.400369
0.401240
i
0.401993
0.402078
0.402041
i
0.402653
0.403017
0.403904
i
0.405485
0.403513
0.406437
i
0.405830
0.406293
0.403360
i
0.402896
0.405769
0.405792
i
0.403733
0.404019
0.406469
i
0.408049
0.408475
0.405442
i
0.408139
0.408152
0.407291
i
0.406598
0.406527
0.408987
i
0.406424
0.408273
0.408854
i
0.410791
0.408854
0.407477
i
0.410464
0.409040
0.412370
i
0.409509
0.410895
0.413390
i
0.412739
0.411311
0.411972
i
0.415204
0.413868
0.410229
i
0.412913
0.414086
0.410620
i
0.413718
0.413242
0.413718
i
0.412927
0.411564
0.412570
i
0.417167
0.414494
0.413398
i
0.417290
0.416559
0.414183
i
0.417433
0.417481
0.414968
i
0.417387
0.416172
0.418334
i
0.415651
0.416789
0.418428
i
0.417894
0.418769
0.420317
i
0.418098
0.417206
0.420750
i
0.418750
0.419758
0.418557
i
0.417908
0.418737
0.421750
i
0.420113
0.420466
0.421067
i
0.422902
0.421537
0.420989
i
0.420863
0.422777
0.419216
i
0.421100
0.423648
0.423262
i
0.421631
0.424049
0.423959
i
0.422421
0.423904
0.426136
i
0.424009
0.422870
0.424878
i
0.424586
0.424855
0.425880
i
0.425927
0.425491
0.424624
i
0.425573
0.425302
0.425860
i
0.429681
0.427530
0.426601
i
0.427830
0.428327
0.428368
i
0.429092
0.430121
0.428208
i
0.429807
0.428509
0.426855
i
0.429237
0.431891
0.429527
i
0.432029
0.431469
0.429870
i
0.433884
0.432498
0.432537
i
0.430787
0.431137
0.432862
i
0.434266
0.432631
0.434949
i
0.433163
0.434291
0.433338
i
0.435459
0.433564
0.433958
i
0.432656
0.435070
0.434786
i
0.436037
0.435784
0.434441
i
0.436885
0.439480
0.435145
i
0.437910
0.435896
0.435455
i
0.435836
0.438100
0.437378
i
0.439165
0.437747
0.436433
i
0.438402
0.438568
0.439483
i
0.437719
0.436876
0.439945
i
0.438965
0.439346
0.440734
i
0.440691
0.440887
0.442246
i
0.442755
0.441338
0.440624
i
0.440408
0.442421
0.445084
i
0.444063
0.442967
0.441203
i
0.441699
0.442627
0.438344
i
0.444557
0.445658
0.444147
i
0.444231
0.446471
0.444096
i
0.444561
0.446568
0.445341
i
0.445154
0.447144
0.445359
i
0.448653
0.445827
0.445875
i
0.446495
0.447808
0.449073
i
0.448488
0.449029
0.449674
i
0.448496
0.449931
0.448501
i
0.452133
0.449680
0.448606
i
0.450134
0.449023
0.447968
i
0.451133
0.450977
0.451539
i
0.450207
0.450260
0.450679
i
0.450659
0.455588
0.452495
i
0.451796
0.453232
0.454306
i
0.454237
0.454556
0.453974
i
0.451990
0.452987
0.455413
i
0.454403
0.455012
0.455407
i
0.453971
0.455587
0.454754
i
0.454034
0.456524
0.454875
i
0.455996
0.454881
0.455863
i
0.457919
0.459429
0.455825
i
0.458460
0.458698
0.459392
i
0.460346
0.457192
0.458748
i
0.460974
0.460060
0.461200
i
0.461622
0.463125
0.456507
i
0.460224
0.460215
0.458769
i
0.460638
0.463230
0.461412
i
0.463281
0.464180
0.461613
i
0.462121
0.460911
0.462297
i
0.462380
0.463041
0.463033
i
0.463029
0.462474
0.463496
i
0.464686
0.463472
0.465136
i
0.465141
0.464986
0.466549
i
0.469075
0.467130
0.466857
i
0.466673
0.466840
0.467442
i
0.466596
0.465343
0.467905
i
0.467064
0.468525
0.466893
i
0.466995
0.466795
0.469041
i
0.471939
0.469601
0.469987
i
0.470192
0.470307
0.473154
i
0.469625
0.470455
0.469768
i
0.472285
0.471674
0.470897
i
0.472989
0.470659
0.472159
i
0.472934
0.474765
0.473385
i
0.473377
0.471544
0.471372
i
0.474788
0.473066
0.473678
i
0.473507
0.474909
0.474971
i
0.477660
0.477757
0.476749
i
0.477445
0.474440
0.477701
i
0.475411
0.474534
0.480888
i
0.477758
0.476449
0.477344
i
0.478092
0.475240
0.477046
i
0.479372
0.478714
0.476449
i
0.478678
0.479133
0.479442
i
0.477762
0.480340
0.482039
i
0.478543
0.481252
0.482458
i
0.481840
0.482119
0.480700
i
0.481753
0.480474
0.481838
i
0.481930
0.481789
0.484596
i
0.483177
0.484173
0.483834
i
0.482647
0.481480
0.482088
i
0.485035
0.484265
0.485679
i
0.484827
0.483570
0.485462
i
0.487468
0.486354
0.485752
i
0.486105
0.488357
0.487886
i
0.486760
0.485538
0.486115
i
0.488444
0.486543
0.487484
i
0.488503
0.487787
0.487834
i
0.489032
0.488599
0.487544
i
0.490982
0.488774
0.491380
i
0.490209
0.490256
0.492394
i
0.491681
0.490797
0.490231
i
0.491310
0.492533
0.493130
i
0.492731
0.492009
0.493114
i
0.494228
0.492771
0.495258
i
0.493514
0.495198
0.495291
i
0.494742
0.494554
0.495829
i
0.492928
0.495378
0.495426
i
0.496487
0.494820
0.494120
i
0.493149
0.497393
0.498104
i
0.496741
0.500506
0.496479
i
0.496252
0.497806
0.498141
i
0.499576
0.498828
0.497649
i
0.497303
0.498551
0.497515
i
0.500965
0.499862
0.497529
i
0.501154
0.499437
0.502467
i
0.501403
0.501639
0.500283
i
0.502697
0.502087
0.502288
i
0.502240
0.503525
0.499414
i
0.503554
0.504731
0.503079
i
0.504771
0.503206
0.504230
i
0.503888
0.506193
0.505293
i
0.507168
0.505278
0.505254
i
0.506418
0.507931
0.502813
i
0.504431
0.508356
0.509191
i
0.507060
0.509138
0.510227
i
0.508253
0.507393
0.507364
i
0.508325
0.509732
0.508439
i
0.512050
0.508880
0.508379
i
0.510726
0.510314
0.510617
i
0.507875
0.510467
0.508222
i
0.511580
0.512353
0.512906
i
0.513004
0.512645
0.513034
i
0.512591
0.512615
0.514027
i
0.514783
0.512706
0.510937
i
0.510940
0.511837
0.512667
i
0.515263
0.513632
0.514553
i
0.515826
0.513485
0.514200
i
0.515001
0.514931
0.515414
i
0.517716
0.515990
0.517592
i
0.517787
0.517589
0.518633
i
0.520854
0.519956
0.515888
i
0.519373
0.517004
0.515986
i
0.517719
0.516424
0.517825
i
0.521806
0.519365
0.523574
i
0.521188
0.522005
0.520472
i
0.520961
0.520289
0.521548
i
0.520023
0.520867
0.520574
i
0.522891
0.524688
0.525543
i
0.520992
0.523796
0.522461
i
0.522558
0.524138
0.523371
i
0.524735
0.525691
0.523419
i
0.525130
0.523066
0.524822
i
0.527318
0.523672
0.526521
i
0.524864
0.526959
0.526066
i
0.526962
0.525195
0.526119
i
0.527743
0.528096
0.527745
i
0.527812
0.530438
0.528407
i
0.528299
0.528322
0.529233
i
0.531239
0.529434
0.531162
i
0.530969
0.529916
0.529577
i
0.531570
0.531196
0.530127
i
0.530941
0.532719
0.532696
i
0.532251
0.533768
0.532200
i
0.533179
0.534980
0.532613
i
0.531276
0.532281
0.534388
i
0.534379
0.538335
0.532780
i
0.535008
0.535387
0.533502
i
0.537439
0.536992
0.538057
i
0.537583
0.531933
0.535377
i
0.537749
0.536247
0.537711
i
0.537912
0.537270
0.538091
i
0.539351
0.540191
0.537475
i
0.538571
0.538372
0.540464
i
0.542097
0.541408
0.541788
i
0.540999
0.539598
0.541573
i
0.543635
0.542008
0.542572
i
0.539942
0.542761
0.541795
i
0.543404
0.544369
0.541814
i
0.545341
0.542075
0.543388
i
0.544409
0.545422
0.543569
i
0.543419
0.546555
0.545150
i
0.542782
0.545760
0.543066
i
0.547055
0.547850
0.545756
i
0.545455
0.548303
0.545986
i
0.546242
0.545651
0.545376
i
0.548368
0.547558
0.549051
i
0.548591
0.548387
0.546371
i
0.548299
0.549473
0.548762
i
0.551700
0.547558
0.549758
i
0.550819
0.549704
0.550816
i
0.553548
0.549933
0.550865
i
0.550108
0.552971
0.550392
i
0.551522
0.554564
0.553765
i
0.552325
0.554689
0.552455
i
0.554141
0.556446
0.557010
i
0.554076
0.554627
0.556052
i
0.556143
0.555023
0.555054
i
0.554955
0.552971
0.555791
i
0.555070
0.556363
0.559958
i
0.557379
0.559346
0.555852
i
0.559701
0.555769
0.557627
i
0.559054
0.559493
0.558501
i
0.557890
0.557710
0.558370
i
0.558641
0.559228
0.558733
i
0.562323
0.561027
0.561045
i
0.560215
0.561702
0.561764
i
0.560752
0.560414
0.559420
i
0.563830
0.561317
0.562729
i
0.563444
0.563455
0.562482
i
0.563698
0.563591
0.565799
i
0.563125
0.564392
0.566089
i
0.565895
0.563882
0.566391
i
0.562398
0.565343
0.568090
i
0.567331
0.567722
0.566543
i
0.566826
0.568261
0.570423
i
0.567642
0.569916
0.567281
i
0.568093
0.569534
0.567464
i
0.570590
0.567089
0.566106
i
0.569788
0.570439
0.571701
i
0.570826
0.571939
0.570987
i
0.572239
0.570042
0.571231
i
0.571203
0.571684
0.575062
i
0.570794
0.572712
0.572239
i
0.573839
0.575724
0.574550
i
0.573124
0.572088
0.575131
i
0.573344
0.573713
0.575287
i
0.573303
0.577408
0.575470
i
0.575688
0.577077
0.577075
i
0.576334
0.578136
0.577156
i
0.578800
0.577685
0.577079
i
0.580332
0.576956
0.578844
i
0.581363
0.578116
0.579513
i
0.579759
0.578869
0.579329
i
0.580824
0.583105
0.581182
i
0.580341
0.578036
0.580999
i
0.581681
0.580278
0.582679
i
0.582521
0.582783
0.581352
i
0.581755
0.582043
0.581186
i
0.582637
0.584302
0.580326
i
0.581637
0.584035
0.584438
i
0.583402
0.585382
0.586345
i
0.586245
0.583249
0.584359
i
0.584862
0.585548
0.585105
i
0.585545
0.589213
0.586223
i
0.587130
0.587715
0.585024
i
0.586478
0.588626
0.588469
i
0.587119
0.590168
0.588578
i
0.589522
0.589479
0.588600
i
0.587558
0.589825
0.587913
i
0.590447
0.590943
0.590931
i
0.589485
0.591822
0.589719
i
0.592336
0.592804
0.594131
i
0.589932
0.593772
0.592450
i
0.593233
0.592583
0.593646
i
0.593655
0.593175
0.593282
i
0.595488
0.595322
0.596134
i
0.595817
0.595139
0.593816
i
0.596420
0.595591
0.596295
i
0.597833
0.596010
0.596024
i
0.596988
0.597617
0.600049
i
0.596836
0.599787
0.597713
i
0.599864
0.598746
0.597954
i
0.598988
0.600612
0.601022
i
0.601281
0.599248
0.598282
i
0.601201
0.601371
0.597317
i
0.601366
0.604127
0.601082
i
0.601141
0.600656
0.599585
i
0.602014
0.603069
0.601355
i
0.603671
0.604384
0.602542
i
0.604656
0.604754
0.603943
i
0.607275
0.602970
0.605033
i
0.604098
0.604371
0.605921
i
0.607457
0.606227
0.607740
i
0.605426
0.607118
0.605959
i
0.606324
0.603825
0.608347
i
0.610500
0.608666
0.609835
i
0.608745
0.607026
0.607503
i
0.608263
0.610803
0.608693
i
0.610122
0.608222
0.609756
i
0.608499
0.609730
0.611679
i
0.613613
0.611981
0.611463
i
0.613431
0.612971
0.608735
i
0.610278
0.611556
0.611502
i
0.611200
0.612429
0.612092
i
0.615467
0.613187
0.612299
i
0.614112
0.613753
0.615016
i
0.615025
0.613353
0.616107
i
0.615515
0.615200
0.614864
i
0.617725
0.616521
0.614596
i
0.620228
0.616878
0.617695
i
0.618473
0.616258
0.619628
i
0.619001
0.618858
0.620468
i
0.619545
0.617037
0.619312
i
0.621556
0.621617
0.620353
i
0.618409
0.622129
0.620590
i
0.621589
0.623042
0.621870
i
0.617037
0.619782
0.620896
i
0.620945
0.622871
0.622869
i
0.622409
0.624893
0.622283
i
0.623539
0.623110
0.622805
i
0.624739
0.622808
0.624250
i
0.626440
0.626418
0.622739
i
0.626542
0.625389
0.626601
i
0.626896
0.626245
0.626649
i
0.628144
0.628301
0.626334
i
0.626230
0.627441
0.629360
i
0.629124
0.629192
0.628077
i
0.628312
0.632103
0.629193
i
0.629956
0.629635
0.630093
i
0.630241
0.629274
0.631324
i
0.633253
0.631580
0.630341
i
0.632075
0.633360
0.634378
i
0.630793
0.632819
0.632089
i
0.634059
0.633559
0.632548
i
0.631590
0.632381
0.633191
i
0.634302
0.636234
0.633874
i
0.635829
0.636541
0.635642
i
0.636113
0.635186
0.637122
i
0.638838
0.637301
0.637076
i
0.637647
0.638712
0.636892
i
0.637317
0.638709
0.637591
i
0.639856
0.636715
0.640435
i
0.638359
0.639651
0.638709
i
0.640951
0.638110
0.638577
i
0.642843
0.639366
0.639736
i
0.641416
0.640268
0.641529
i
0.643568
0.642092
0.644302
i
0.640734
0.642287
0.641501
i
0.643825
0.641651
0.640987
i
0.643475
0.641580
0.642803
i
0.643937
0.642439
0.645419
i
0.645741
0.644497
0.643477
i
0.645633
0.645776
0.643103
i
0.648410
0.647247
0.644329
i
0.649971
0.647129
0.645369
i
0.646765
0.648350
0.646080
i
0.648035
0.648531
0.648100
i
0.649605
0.648384
0.648999
i
0.650254
0.647040
0.647442
i
0.649244
0.650773
0.650937
i
0.650359
0.653083
0.652844
i
0.651764
0.656434
0.651513
i
0.653978
0.652583
0.650367
i
0.655840
0.651915
0.653432
i
0.656561
0.654857
0.654495
i
0.654473
0.654994
0.657187
i
0.654719
0.655038
0.654726
i
0.655451
0.655770
0.656825
i
0.656784
0.655652
0.658869
i
0.656174
0.656893
0.657440
i
0.655757
0.656655
0.656275
i
0.655114
0.661511
0.657693
i
0.660453
0.659356
0.658008
i
0.659946
0.660540
0.658476
i
0.662264
0.662262
0.660537
i
0.662152
0.659709
0.662096
i
0.661829
0.664145
0.660724
i
0.665349
0.662693
0.663261
i
0.665266
0.664804
0.662166
i
0.662780
0.662780
0.665433
i
0.664486
0.664074
0.664777
i
0.666714
0.665121
0.665746
i
0.662913
0.665110
0.664578
i
0.665814
0.665651
0.666104
i
0.666678
0.668210
0.669248
i
0.665953
0.670337
0.669711
i
0.668792
0.670773
0.668993
i
0.667973
0.670837
0.672310
i
0.668968
0.668665
0.671518
i
0.670635
0.668848
0.672315
i
0.671128
0.670273
0.670558
i
0.671336
0.673250
0.670459
i
0.673292
0.674006
0.671520
i
0.673779
0.671129
0.674263
i
0.672504
0.675075
0.674578
i
0.674118
0.672694
0.676442
i
0.675537
0.677570
0.675345
i
0.673629
0.678253
0.675611
i
0.677899
0.675704
0.677482
i
0.678447
0.678684
0.677999
i
0.677946
0.678193
0.678403
i
0.677682
0.679401
0.677247
i
0.676793
0.679555
0.679597
i
0.680294
0.682364
0.681644
i
0.683152
0.680960
0.681878
i
0.680545
0.681025
0.679003
i
0.682093
0.683236
0.680589
i
0.682370
0.681701
0.681589
i
0.684537
0.683423
0.684319
i
0.684529
0.685248
0.680990
i
0.683304
0.684437
0.685131
i
0.686865
0.684481
0.684527
i
0.685620
0.686927
0.686142
i
0.688168
0.685637
0.687215
i
0.687850
0.685141
0.687729
i
0.690320
0.686403
0.687151
i
0.687311
0.690172
0.687925
i
0.690335
0.687140
0.686903
i
0.691330
0.690791
0.690373
i
0.691956
0.690757
0.690853
i
0.690167
0.691346
0.689866
i
0.690812
0.691364
0.692185
i
0.694804
0.693170
0.693208
i
0.694058
0.694938
0.694107
i
0.694085
0.693423
0.694796
i
0.692422
0.694722
0.695924
i
0.695029
0.696102
0.695563
i
0.696780
0.695342
0.698228
i
0.697195
0.696855
0.695079
i
0.697076
0.695406
0.696949
i
0.696361
0.697915
0.698203
i
0.698021
0.700844
0.700492
i
0.701219
0.700121
0.700373
i
0.699124
0.700176
0.698503
i
0.700986
0.702190
0.699199
i
0.701055
0.699379
0.702142
i
0.703641
0.703525
0.700632
i
0.701721
0.702530
0.702140
i
0.702630
0.699967
0.704182
i
0.703687
0.704924
0.704353
i
0.700695
0.704265
0.705715
i
0.706727
0.704910
0.706027
i
0.706317
0.707229
0.708618
i
0.705451
0.709467
0.706953
i
0.706268
0.706253
0.707490
i
0.708184
0.708548
0.709103
i
0.709149
0.707301
0.707746
i
0.708321
0.708546
0.709807
i
0.710454
0.709697
0.708668
i
0.710232
0.711463
0.710494
i
0.713254
0.710242
0.711726
i
0.713535
0.710853
0.711925
i
0.711047
0.711425
0.710737
i
0.712087
0.713824
0.713013
i
0.714777
0.715370
0.714483
i
0.715701
0.715673
0.717810
i
0.716343
0.713344
0.715728
i
0.716890
0.717257
0.717090
i
0.716011
0.716704
0.717127
i
0.717621
0.720039
0.715194
i
0.719141
0.719582
0.717213
i
0.719328
0.718548
0.717289
i
0.719468
0.721558
0.718801
i
0.720837
0.718505
0.718771
i
0.719015
0.718754
0.719410
i
0.720134
0.720744
0.719142
i
0.721324
0.720967
0.720942
i
0.722244
0.724229
0.722660
i
0.723895
0.725447
0.724246
i
0.724173
0.725448
0.726973
i
0.723977
0.725798
0.723581
i
0.723669
0.724430
0.725235
i
0.723384
0.723869
0.725924
i
0.727467
0.727714
0.727250
i
0.727094
0.728040
0.730657
i
0.730636
0.727921
0.729886
i
0.727839
0.729134
0.728859
i
0.730351
0.727713
0.730166
i
0.730225
0.730438
0.728629
i
0.730142
0.728608
0.729688
i
0.730040
0.730867
0.731559
i
0.733131
0.730575
0.732391
i
0.734115
0.733948
0.730541
i
0.734309
0.733108
0.735175
i
0.735239
0.733535
0.734359
i
0.735348
0.731385
0.733848
i
0.734806
0.733807
0.732357
i
0.737120
0.735182
0.737563
i
0.735389
0.737938
0.737605
i
0.738080
0.735949
0.737096
i
0.737373
0.736720
0.737407
i
0.736505
0.738457
0.738403
i
0.738225
0.740183
0.737935
i
0.739669
0.740700
0.740284
i
0.737470
0.739637
0.740125
i
0.740596
0.739529
0.741276
i
0.741776
0.743706
0.742150
i
0.743607
0.742493
0.740233
i
0.741369
0.742331
0.742755
i
0.744768
0.742887
0.743162
i
0.745008
0.743917
0.743029
i
0.744595
0.744426
0.746255
i
0.746296
0.746728
0.745387
i
0.749489
0.746812
0.745440
i
0.745569
0.747465
0.746791
i
0.746197
0.747374
0.745829
i
0.749577
0.751258
0.749654
i
0.748902
0.751146
0.749721
i
0.747041
0.749807
0.750105
i
0.751416
0.750448
0.752232
i
0.749562
0.754612
0.753136
i
0.751671
0.752384
0.750836
i
0.751426
0.752768
0.753981
i
0.754568
0.756175
0.752899
i
0.753703
0.750354
0.753589
i
0.754861
0.754717
0.753803
i
0.753617
0.754785
0.758267
i
0.754761
0.756004
0.754457
i
0.758219
0.757715
0.756880
i
0.757270
0.759305
0.758104
i
0.757995
0.758182
0.760052
i
0.759326
0.759025
0.759425
i
0.759202
0.758017
0.759823
i
0.757837
0.759074
0.761411
i
0.759741
0.761027
0.760380
i
0.761703
0.761898
0.760665
i
0.759167
0.763362
0.761256
i
0.763046
0.763959
0.761223
i
0.765008
0.764322
0.763497
i
0.763522
0.765607
0.764594
i
0.765376
0.768257
0.765406
i
0.766902
0.765266
0.767736
i
0.765873
0.764673
0.765978
i
0.764379
0.768343
0.765088
i
0.767709
0.768552
0.767977
i
0.768498
0.766847
0.767927
i
0.769907
0.767649
0.767019
i
0.768402
0.770473
0.768967
i
0.770297
0.767674
0.768970
i
0.769734
0.768979
0.772232
i
0.772720
0.769244
0.771666
i
0.770713
0.771779
0.772061
i
0.774946
0.773161
0.771791
i
0.774442
0.774501
0.773518
i
0.776990
0.773778
0.773388
i
0.775395
0.772930
0.774118
i
0.774613
0.777155
0.776276
i
0.776810
0.777226
0.777199
i
0.776710
0.774779
0.774426
i
0.777384
0.779551
0.778441
i
0.779397
0.780392
0.777353
i
0.777822
0.780136
0.777711
i
0.782267
0.780521
0.778486
i
0.779502
0.780696
0.780951
i
0.782225
0.781120
0.779314
i
0.781458
0.779285
0.782102
i
0.782763
0.782196
0.780766
i
0.784364
0.783984
0.781718
i
0.781554
0.784672
0.784145
i
0.784048
0.784340
0.784930
i
0.784092
0.786739
0.785129
i
0.784311
0.784675
0.787339
i
0.785134
0.784586
0.787540
i
0.787092
0.789605
0.786309
i
0.788184
0.787308
0.787910
i
0.785880
0.788333
0.789017
i
0.788659
0.788187
0.788701
i
0.786548
0.790989
0.789790
i
0.790734
0.790873
0.790382
i
0.792558
0.789175
0.790567
i
0.792779
0.791314
0.792191
i
0.789840
0.792465
0.793445
i
0.789680
0.792352
0.790996
i
0.791960
0.794124
0.794787
i
0.793721
0.793308
0.796403
i
0.794552
0.795174
0.794203
i
0.796010
0.793704
0.795362
i
0.794819
0.795745
0.796919
i
0.799279
0.796064
0.797378
i
0.796724
0.797453
0.801043
i
0.798242
0.797204
0.799336
i
0.799900
0.796638
0.797813
i
0.798736
0.798995
0.799473
i
0.799253
0.800578
0.800628
i
0.799543
0.801168
0.799171
i
0.802433
0.801048
0.802293
i
0.800675
0.803042
0.801632
i
0.802570
0.802304
0.803562
i
0.805737
0.804528
0.803373
i
0.803003
0.804112
0.802670
i
0.804550
0.805923
0.804550
i
0.806924
0.804669
0.805917
i
0.806440
0.804133
0.805304
i
0.808007
0.805150
0.806462
i
0.806034
0.806027
0.806105
i
0.809098
0.808009
0.808499
i
0.807926
0.808500
0.809783
i
0.807617
0.808322
0.810694
i
0.812259
0.808849
0.810586
i
0.809004
0.811544
0.810844
i
0.809982
0.812012
0.813019
i
0.811790
0.810802
0.810509
i
0.811011
0.813198
0.813119
i
0.812289
0.814339
0.811913
i
0.815983
0.811163
0.813635
i
0.815671
0.814683
0.814732
i
0.814655
0.817954
0.814720
i
0.816931
0.817615
0.815547
i
0.818598
0.817259
0.814683
i
0.816705
0.817140
0.818184
i
0.818950
0.818929
0.816071
i
0.816632
0.820461
0.819765
i
0.819883
0.821395
0.821796
i
0.818970
0.820056
0.820575
i
0.820827
0.820937
0.820926
i
0.822782
0.817668
0.821325
i
0.821666
0.821375
0.822192
i
0.823379
0.822287
0.822691
i
0.821133
0.821848
0.822836
i
0.823773
0.822577
0.822426
i
0.825484
0.824846
0.826503
i
0.826061
0.823779
0.822375
i
0.826186
0.825697
0.826739
i
0.827885
0.826400
0.826865
i
0.826372
0.828935
0.827403
i
0.827290
0.827390
0.830424
i
0.829344
0.829227
0.829116
i
0.829939
0.829963
0.829342
i
0.832282
0.829681
0.828875
i
0.830116
0.832244
0.831709
i
0.832896
0.831048
0.831535
i
0.829581
0.833261
0.831857
i
0.832741
0.834018
0.832302
i
0.833908
0.832376
0.832624
i
0.834722
0.833718
0.831912
i
0.833950
0.838546
0.835324
i
0.835620
0.834788
0.832907
i
0.836181
0.831895
0.834769
i
0.834727
0.836382
0.838098
i
0.838021
0.836742
0.835165
i
0.837289
0.836419
0.838573
i
0.837886
0.840556
0.838510
i
0.837308
0.839439
0.840290
i
0.839339
0.840824
0.840452
i
0.841179
0.840231
0.840496
i
0.841154
0.841162
0.839392
i
0.841976
0.840413
0.842171
i
0.841111
0.844484
0.843761
i
0.842614
0.846086
0.844852
i
0.845138
0.841236
0.842312
i
0.843730
0.844230
0.842918
i
0.846207
0.844636
0.845113
i
0.845269
0.845882
0.847830
i
0.844226
0.845385
0.846039
i
0.848073
0.845969
0.846634
i
0.848938
0.846363
0.849397
i
0.849123
0.849427
0.848647
i
0.848003
0.847201
0.849538
i
0.850954
0.850966
0.849885
i
0.852864
0.850913
0.850129
i
0.851474
0.850512
0.852250
i
0.854076
0.853387
0.852331
i
0.850852
0.851818
0.853204
i
0.853231
0.855177
0.854214
i
0.852088
0.854844
0.854891
i
0.857001
0.854780
0.855017
i
0.853233
0.854720
0.853342
i
0.855803
0.854961
0.854283
i
0.856661
0.855546
0.858357
i
0.860303
0.857537
0.857710
i
0.855389
0.859997
0.857168
i
0.859188
0.858398
0.859125
i
0.859218
0.859508
0.857915
i
0.860177
0.858016
0.859855
i
0.860910
0.860295
0.861101
i
0.862513
0.859208
0.859393
i
0.861174
0.862571
0.862461
i
0.862193
0.863440
0.865438
i
0.861895
0.862205
0.860893
i
0.864178
0.865060
0.863505
i
0.866120
0.864358
0.864992
i
0.866685
0.866117
0.865754
i
0.867902
0.864781
0.865380
i
0.867062
0.866191
0.865915
i
0.868294
0.866656
0.867860
i
0.867756
0.867419
0.868610
i
0.869055
0.866035
0.868215
i
0.867895
0.869483
0.868377
i
0.869981
0.871671
0.872269
i
0.871731
0.868536
0.872623
i
0.872767
0.871671
0.874574
i
0.871385
0.874392
0.870525
i
0.872137
0.871103
0.873417
i
0.873819
0.872465
0.871457
i
0.870403
0.872729
0.872087
i
0.875548
0.876103
0.871997
i
0.873003
0.874695
0.876596
i
0.877671
0.877961
0.875471
i
0.875790
0.875288
0.877401
i
0.878353
0.875293
0.877147
i
0.877292
0.878803
0.879525
i
0.880266
0.879317
0.878108
i
0.878696
0.877768
0.880886
i
0.878802
0.877404
0.878897
i
0.882601
0.881004
0.880178
i
0.881606
0.881851
0.881917
i
0.881760
0.885046
0.883411
i
0.879364
0.881398
0.882623
i
0.883996
0.882954
0.883272
i
0.883567
0.882245
0.886840
i
0.884405
0.887766
0.883480
i
0.884990
0.883588
0.884193
i
0.887203
0.887008
0.884833
i
0.886868
0.886079
0.887770
i
0.886308
0.889408
0.885266
i
0.888388
0.885983
0.887032
i
0.887233
0.890732
0.888450
i
0.889768
0.887411
0.888053
i
0.890463
0.889863
0.890881
i
0.892209
0.889441
0.889373
i
0.891941
0.891172
0.891351
i
0.890819
0.890735
0.892596
i
0.894747
0.892205
0.894144
i
0.895160
0.894763
0.895355
i
0.894478
0.891848
0.892902
i
0.894461
0.892731
0.893968
i
0.897033
0.894293
0.895604
i
0.896375
0.898460
0.895664
i
0.897527
0.895025
0.895497
i
0.897769
0.898032
0.896704
i
0.898366
0.897103
0.898766
i
0.897730
0.899002
0.899137
i
0.901244
0.897854
0.899618
i
0.897698
0.900169
0.901046
i
0.899244
0.900393
0.902305
i
0.903541
0.901336
0.903314
i
0.901789
0.900835
0.901862
i
0.900343
0.901565
0.901838
i
0.905171
0.903630
0.906059
i
0.904594
0.904472
0.903702
i
0.903478
0.904893
0.904165
i
0.903257
0.906020
0.905113
i
0.906349
0.905306
0.906914
i
0.905869
0.907141
0.907558
i
0.907166
0.906106
0.907652
i
0.909436
0.905096
0.908152
i
0.908855
0.909133
0.908162
i
0.909784
0.908595
0.909674
i
0.911531
0.909879
0.908561
i
0.910529
0.911245
0.910306
i
0.913548
0.910745
0.910767
i
0.914173
0.912398
0.912714
i
0.914445
0.911793
0.912419
i
0.914493
0.912271
0.913652
i
0.912449
0.914679
0.916981
i
0.914450
0.914130
0.916881
i
0.914083
0.914831
0.915290
i
0.916809
0.914548
0.914710
i
0.917073
0.916414
0.914432
i
0.915035
0.915024
0.917360
i
0.918604
0.918889
0.916584
i
0.915986
0.919456
0.918554
i
0.919310
0.918792
0.918918
i
0.922536
0.919795
0.920681
i
0.917772
0.918684
0.919624
i
0.921529
0.921816
0.924680
i
0.919657
0.919696
0.921625
i
0.921507
0.921282
0.923937
i
0.922764
0.923958
0.923605
i
0.921866
0.925021
0.923658
i
0.923784
0.924462
0.925191
i
0.926807
0.925469
0.923034
i
0.927112
0.925271
0.928460
i
0.927480
0.927539
0.926212
i
0.926209
0.926360
0.925605
i
0.926902
0.929576
0.927202
i
0.928587
0.930743
0.928002
i
0.929065
0.930255
0.929599
i
0.930617
0.929496
0.929764
i
0.932827
0.933362
0.930621
i
0.930301
0.931212
0.930563
i
0.931042
0.929367
0.929933
i
0.932627
0.931804
0.934430
i
0.930865
0.932095
0.934004
i
0.934625
0.933413
0.932662
i
0.931505
0.934032
0.935293
i
0.935172
0.933508
0.936608
i
0.936983
0.935746
0.936110
i
0.936765
0.936905
0.937696
i
0.936853
0.939452
0.935807
i
0.937571
0.936932
0.937112
i
0.936464
0.940221
0.938768
i
0.939164
0.939462
0.938386
i
0.939507
0.941196
0.939911
i
0.941348
0.941540
0.942038
i
0.940620
0.940340
0.941839
i
0.940743
0.943567
0.940569
i
0.944122
0.944835
0.940949
i
0.944909
0.944025
0.943488
i
0.943683
0.943752
0.945177
i
0.943804
0.943854
0.948787
i
0.947455
0.946783
0.946611
i
0.945966
0.943681
0.945745
i
0.947682
0.947562
0.948806
i
0.948963
0.947938
0.946598
i
0.947623
0.948681
0.947372
i
0.948074
0.950606
0.948488
i
0.947225
0.946410
0.949660
i
0.949361
0.949470
0.949814
i
0.950716
0.949308
0.950633
i
0.948406
0.950088
0.950808
i
0.952370
0.952370
0.953689
i
0.954910
0.953260
0.951565
i
0.954044
0.955004
0.954838
i
0.954137
0.952059
0.952282
i
0.954179
0.955361
0.953881
i
0.953242
0.957095
0.954730
i
0.957334
0.956583
0.954260
i
0.956740
0.957565
0.955752
i
0.956408
0.957760
0.955950
i
0.957091
0.959768
0.957542
i
0.959273
0.958015
0.956608
i
0.958695
0.958585
0.959601
i
0.959329
0.961347
0.957259
i
0.961185
0.959957
0.961953
i
0.961424
0.963509
0.960789
i
0.961577
0.962634
0.963405
i
0.961056
0.959133
0.962413
i
0.963665
0.965364
0.962986
i
0.964122
0.964894
0.963175
i
0.963315
0.964360
0.962298
i
0.966007
0.963952
0.963259
i
0.966078
0.966638
0.965687
i
0.967375
0.967672
0.967576
i
0.967056
0.967687
0.966597
i
0.970013
0.967040
0.966463
i
0.967832
0.967741
0.966962
i
0.967631
0.971639
0.969423
i
0.968768
0.971423
0.968722
i
0.972712
0.970278
0.969642
i
0.973094
0.970590
0.971345
i
0.972970
0.972387
0.971148
i
0.969858
0.971624
0.973577
i
0.974769
0.973661
0.974569
i
0.974430
0.975936
0.975999
i
0.973889
0.974694
0.975468
i
0.977044
0.975530
0.974647
i
0.975960
0.974223
0.975290
i
0.975521
0.976910
0.976341
i
0.978861
0.977595
0.975822
i
0.978586
0.976673
0.978276
i
0.981927
0.978083
0.978936
i
0.980861
0.977980
0.981006
i
0.979466
0.981110
0.979288
i
0.982974
0.982258
0.979752
i
0.983772
0.980961
0.982409
i
0.982237
0.981994
0.984708
i
0.980615
0.980643
0.983749
i
0.980449
0.984429
0.985076
i
0.982018
0.983957
0.983202
i
0.985910
0.983822
0.985738
i
0.984314
0.986770
0.985830
i
0.984419
0.984465
0.986076
i
0.984029
0.987888
0.988635
i
0.988215
0.985803
0.987654
i
0.990984
0.989677
0.988728
i
0.989832
0.990458
0.988923
i
0.989191
0.988974
0.989549
i
0.989690
0.988981
0.988760
i
0.991477
0.989913
0.989412
i
0.989505
0.989502
0.992249
i
0.991515
0.992825
0.993621
i
0.992311
0.993634
0.996528
i
0.992886
0.993930
0.992926
i
0.995489
0.993466
0.993444
i
0.995551
0.994638
0.993754
i
0.992444
0.993456
0.994612
i
0.997051
0.996932
0.996728
i
0.998037
0.996401
0.997175
i
0.997251
0.997932
0.997086
i
0.999377
0.995918
1.001149
i
0.998306
0.997024
0.997140
i
0.999278
1.001069
0.998076
i
1.000559
0.998899
1.001273
m
0.5
0.5
0.5
m
0.8
0.8
0.8
x
